28.0
15.0
6.0
5.0
5.0
8.0
23.0
75.0
126.0
126.0
135.0
101.0
104.0
98.0
110.0
86.0
105.0
113.0
89.0
111.0
64.0
42.0
30.0
44.0
29.0
23.0
7.0
7.0
9.0
10.0
24.0
58.0
117.0
140.0
117.0
119.0
111.0
120.0
106.0
94.0
88.0
125.0
98.0
130.0
91.0
56.0
49.0
79.0
24.0
9.0
10.0
1.0
7.0
5.0
27.0
60.0
81.0
112.0
130.0
111.0
112.0
82.0
81.0
103.0
116.0
97.0
87.0
107.0
89.0
33.0
48.0
54.0
59.0
48.0
24.0
9.0
5.0
3.0
13.0
39.0
58.0
84.0
157.0
144.0
125.0
127.0
96.0
105.0
96.0
117.0
100.0
111.0
82.0
56.0
48.0
70.0
7.0
3.0
4.0
4.0
5.0
4.0
6.0
16.0
41.0
42.0
37.0
40.0
33.0
35.0
39.0
35.0
23.0
44.0
27.0
39.0
21.0
12.0
12.0
16.0
8.0
6.0
7.0
3.0
6.0
4.0
11.0
16.0
33.0
40.0
33.0
50.0
36.0
41.0
29.0
39.0
35.0
40.0
32.0
31.0
29.0
19.0
16.0
14.0
38.0
19.0
7.0
2.0
9.0
14.0
28.0
75.0
108.0
102.0
115.0
114.0
100.0
86.0
69.0
99.0
93.0
84.0
104.0
96.0
84.0
45.0
31.0
42.0
6.0
7.0
6.0
5.0
3.0
7.0
9.0
19.0
39.0
42.0
54.0
47.0
32.0
46.0
29.0
38.0
49.0
32.0
23.0
38.0
30.0
18.0
18.0
19.0
79.0
58.0
22.0
23.0
9.0
9.0
12.0
21.0
29.0
38.0
63.0
86.0
89.0
82.0
66.0
68.0
79.0
79.0
79.0
78.0
57.0
41.0
28.0
22.0
58.0
40.0
18.0
18.0
5.0
6.0
14.0
25.0
50.0
86.0
118.0
142.0
128.0
136.0
111.0
113.0
119.0
121.0
131.0
121.0
127.0
120.0
91.0
110.0
23.0
14.0
6.0
5.0
5.0
8.0
17.0
34.0
64.0
84.0
88.0
80.0
77.0
66.0
62.0
76.0
108.0
74.0
91.0
86.0
72.0
39.0
29.0
32.0
23.0
14.0
9.0
2.0
4.0
10.0
27.0
69.0
105.0
89.0
70.0
82.0
86.0
71.0
60.0
84.0
113.0
104.0
78.0
86.0
60.0
28.0
31.0
27.0
33.0
10.0
6.0
5.0
12.0
7.0
23.0
66.0
73.0
87.0
97.0
122.0
99.0
96.0
115.0
98.0
107.0
87.0
111.0
102.0
79.0
42.0
39.0
42.0
38.0
15.0
2.0
6.0
5.0
7.0
25.0
66.0
76.0
93.0
95.0
106.0
113.0
96.0
102.0
115.0
92.0
119.0
117.0
103.0
68.0
39.0
49.0
50.0
42.0
44.0
12.0
20.0
10.0
9.0
17.0
32.0
65.0
84.0
116.0
125.0
111.0
117.0
90.0
97.0
96.0
87.0
112.0
111.0
106.0
54.0
59.0
49.0
70.0
38.0
20.0
19.0
8.0
4.0
17.0
29.0
52.0
59.0
127.0
129.0
136.0
102.0
71.0
96.0
83.0
105.0
117.0
127.0
90.0
61.0
69.0
75.0
81.0
42.0
0.0
29.0
14.0
8.0
13.0
18.0
14.0
22.0
48.0
82.0
82.0
56.0
49.0
68.0
85.0
88.0
76.0
88.0
66.0
65.0
61.0
67.0
23.0
13.0
7.0
2.0
4.0
4.0
20.0
77.0
121.0
137.0
95.0
116.0
99.0
105.0
99.0
94.0
108.0
112.0
76.0
89.0
65.0
42.0
47.0
20.0
29.0
12.0
5.0
7.0
8.0
9.0
22.0
74.0
129.0
125.0
113.0
131.0
105.0
98.0
106.0
102.0
97.0
115.0
101.0
88.0
82.0
37.0
33.0
37.0
25.0
12.0
8.0
10.0
10.0
8.0
27.0
77.0
115.0
112.0
107.0
117.0
105.0
95.0
117.0
106.0
125.0
101.0
93.0
76.0
55.0
50.0
30.0
56.0
33.0
13.0
3.0
4.0
7.0
6.0
23.0
71.0
133.0
123.0
113.0
113.0
113.0
110.0
75.0
104.0
90.0
92.0
88.0
90.0
69.0
42.0
60.0
42.0
58.0
60.0
16.0
15.0
8.0
5.0
14.0
43.0
66.0
104.0
136.0
165.0
165.0
121.0
90.0
109.0
130.0
118.0
107.0
128.0
103.0
79.0
87.0
100.0
33.0
14.0
8.0
2.0
8.0
9.0
20.0
77.0
135.0
117.0
100.0
137.0
119.0
99.0
82.0
112.0
108.0
101.0
73.0
101.0
53.0
41.0
39.0
63.0
25.0
10.0
5.0
6.0
9.0
8.0
21.0
79.0
139.0
128.0
101.0
110.0
109.0
88.0
98.0
99.0
126.0
120.0
86.0
90.0
57.0
23.0
31.0
32.0
27.0
12.0
9.0
5.0
7.0
6.0
18.0
80.0
140.0
116.0
112.0
122.0
107.0
96.0
90.0
106.0
109.0
97.0
108.0
84.0
53.0
31.0
39.0
32.0
35.0
10.0
8.0
6.0
7.0
7.0
35.0
71.0
125.0
139.0
121.0
126.0
117.0
116.0
96.0
100.0
105.0
109.0
100.0
78.0
65.0
62.0
68.0
57.0
30.0
21.0
6.0
3.0
8.0
9.0
27.0
78.0
130.0
116.0
118.0
97.0
110.0
111.0
106.0
100.0
107.0
116.0
98.0
86.0
93.0
39.0
39.0
39.0
36.0
13.0
5.0
5.0
7.0
5.0
28.0
81.0
105.0
126.0
124.0
130.0
119.0
94.0
99.0
101.0
96.0
105.0
97.0
98.0
92.0
50.0
49.0
54.0
54.0
29.0
36.0
20.0
11.0
6.0
20.0
43.0
66.0
95.0
142.0
138.0
144.0
143.0
88.0
92.0
129.0
107.0
130.0
153.0
129.0
88.0
89.0
108.0
18.0
13.0
9.0
3.0
7.0
4.0
23.0
67.0
126.0
128.0
103.0
96.0
91.0
103.0
91.0
109.0
110.0
96.0
102.0
102.0
72.0
34.0
33.0
30.0
15.0
4.0
5.0
4.0
6.0
6.0
4.0
6.0
13.0
24.0
22.0
39.0
23.0
21.0
14.0
25.0
15.0
12.0
17.0
25.0
27.0
5.0
14.0
12.0
47.0
47.0
21.0
10.0
6.0
8.0
19.0
44.0
66.0
89.0
122.0
142.0
145.0
139.0
99.0
87.0
106.0
98.0
106.0
129.0
112.0
83.0
71.0
79.0
83.0
53.0
43.0
18.0
13.0
12.0
15.0
18.0
17.0
35.0
67.0
79.0
90.0
85.0
62.0
64.0
74.0
93.0
67.0
76.0
81.0
63.0
43.0
23.0
10.0
2.0
2.0
6.0
9.0
4.0
14.0
25.0
25.0
29.0
36.0
43.0
36.0
28.0
29.0
37.0
35.0
27.0
35.0
31.0
19.0
21.0
5.0
24.0
21.0
16.0
1.0
9.0
6.0
5.0
31.0
67.0
136.0
125.0
104.0
118.0
98.0
108.0
87.0
105.0
104.0
109.0
104.0
104.0
64.0
42.0
34.0
32.0
9.0
7.0
4.0
2.0
4.0
5.0
8.0
25.0
39.0
56.0
57.0
64.0
47.0
42.0
47.0
50.0
49.0
58.0
51.0
49.0
34.0
29.0
22.0
14.0
26.0
19.0
8.0
8.0
8.0
5.0
22.0
56.0
100.0
97.0
102.0
92.0
102.0
87.0
88.0
102.0
109.0
89.0
91.0
86.0
51.0
35.0
24.0
18.0
25.0
7.0
3.0
5.0
9.0
7.0
33.0
60.0
97.0
122.0
124.0
113.0
105.0
83.0
100.0
103.0
100.0
107.0
81.0
84.0
67.0
47.0
45.0
46.0
86.0
57.0
25.0
16.0
6.0
5.0
13.0
21.0
26.0
48.0
69.0
91.0
100.0
96.0
63.0
90.0
83.0
84.0
82.0
81.0
75.0
49.0
48.0
37.0
5.0
2.0
8.0
5.0
3.0
2.0
6.0
17.0
15.0
14.0
27.0
25.0
22.0
22.0
23.0
14.0
17.0
26.0
16.0
16.0
8.0
8.0
7.0
2.0
34.0
21.0
8.0
7.0
7.0
4.0
16.0
46.0
58.0
83.0
60.0
83.0
66.0
80.0
59.0
79.0
78.0
90.0
77.0
76.0
62.0
42.0
43.0
41.0
37.0
14.0
7.0
7.0
9.0
8.0
24.0
56.0
95.0
118.0
104.0
114.0
106.0
95.0
71.0
83.0
93.0
97.0
78.0
87.0
90.0
48.0
49.0
66.0
27.0
0.0
0.0
0.0
0.0
0.0
0.0
0.0
115.0
105.0
116.0
90.0
91.0
100.0
88.0
93.0
93.0
75.0
68.0
91.0
60.0
44.0
34.0
38.0
12.0
9.0
6.0
3.0
4.0
2.0
7.0
27.0
27.0
50.0
54.0
59.0
48.0
53.0
30.0
48.0
36.0
38.0
51.0
56.0
30.0
18.0
18.0
9.0
60.0
38.0
33.0
9.0
9.0
9.0
18.0
18.0
27.0
55.0
65.0
92.0
101.0
84.0
60.0
92.0
82.0
73.0
90.0
87.0
53.0
73.0
47.0
36.0
40.0
25.0
9.0
2.0
9.0
6.0
28.0
58.0
109.0
115.0
105.0
92.0
90.0
85.0
88.0
98.0
102.0
111.0
87.0
78.0
64.0
30.0
30.0
36.0
23.0
14.0
7.0
3.0
6.0
10.0
28.0
61.0
94.0
119.0
101.0
90.0
109.0
62.0
74.0
81.0
82.0
93.0
86.0
79.0
56.0
44.0
39.0
23.0
35.0
14.0
8.0
5.0
8.0
6.0
26.0
65.0
122.0
113.0
104.0
108.0
111.0
86.0
81.0
100.0
113.0
88.0
85.0
114.0
77.0
44.0
37.0
44.0
27.0
17.0
3.0
3.0
6.0
8.0
23.0
47.0
65.0
54.0
68.0
80.0
68.0
69.0
51.0
51.0
81.0
92.0
66.0
85.0
61.0
31.0
26.0
30.0
19.0
9.0
6.0
6.0
9.0
9.0
22.0
62.0
81.0
75.0
76.0
78.0
71.0
61.0
79.0
83.0
86.0
100.0
97.0
102.0
68.0
44.0
28.0
25.0
34.0
14.0
7.0
3.0
6.0
4.0
21.0
66.0
124.0
106.0
108.0
117.0
108.0
83.0
73.0
94.0
89.0
85.0
78.0
72.0
49.0
28.0
27.0
31.0
59.0
48.0
31.0
11.0
7.0
5.0
20.0
41.0
60.0
85.0
117.0
153.0
127.0
166.0
106.0
105.0
104.0
121.0
130.0
130.0
122.0
91.0
93.0
111.0
43.0
28.0
12.0
14.0
7.0
7.0
13.0
36.0
54.0
72.0
114.0
125.0
118.0
133.0
80.0
92.0
73.0
71.0
104.0
96.0
93.0
58.0
78.0
78.0
22.0
15.0
7.0
3.0
6.0
6.0
16.0
67.0
108.0
117.0
103.0
90.0
104.0
107.0
85.0
89.0
104.0
98.0
90.0
123.0
75.0
43.0
34.0
28.0
69.0
40.0
15.0
6.0
9.0
8.0
17.0
23.0
30.0
55.0
68.0
85.0
90.0
87.0
76.0
70.0
67.0
45.0
67.0
90.0
56.0
66.0
49.0
34.0
27.0
12.0
7.0
4.0
12.0
11.0
19.0
69.0
110.0
87.0
89.0
75.0
108.0
92.0
73.0
105.0
105.0
83.0
94.0
84.0
63.0
44.0
30.0
31.0
36.0
8.0
11.0
4.0
8.0
7.0
25.0
69.0
128.0
121.0
106.0
91.0
86.0
102.0
97.0
101.0
92.0
93.0
91.0
105.0
78.0
40.0
44.0
38.0
31.0
12.0
5.0
5.0
6.0
5.0
22.0
57.0
113.0
118.0
120.0
111.0
116.0
91.0
84.0
104.0
95.0
95.0
91.0
89.0
47.0
38.0
36.0
47.0
21.0
13.0
6.0
5.0
5.0
9.0
25.0
62.0
127.0
124.0
95.0
120.0
117.0
126.0
121.0
97.0
34.0
114.0
112.0
120.0
87.0
56.0
50.0
57.0
25.0
10.0
14.0
5.0
6.0
4.0
17.0
69.0
128.0
118.0
121.0
113.0
98.0
101.0
92.0
120.0
95.0
102.0
107.0
109.0
82.0
47.0
32.0
29.0
43.0
17.0
12.0
4.0
11.0
9.0
36.0
65.0
105.0
122.0
110.0
98.0
90.0
89.0
83.0
95.0
86.0
95.0
79.0
97.0
69.0
36.0
34.0
39.0
25.0
12.0
5.0
4.0
8.0
10.0
22.0
66.0
134.0
117.0
114.0
118.0
114.0
108.0
106.0
100.0
110.0
125.0
106.0
92.0
61.0
39.0
46.0
46.0
13.0
6.0
5.0
7.0
4.0
8.0
22.0
39.0
76.0
83.0
97.0
99.0
83.0
89.0
76.0
78.0
93.0
98.0
73.0
96.0
60.0
31.0
30.0
30.0
32.0
14.0
8.0
1.0
6.0
5.0
35.0
66.0
98.0
115.0
121.0
98.0
95.0
93.0
98.0
93.0
91.0
108.0
112.0
83.0
71.0
34.0
42.0
32.0
29.0
11.0
4.0
4.0
11.0
4.0
23.0
70.0
128.0
124.0
111.0
116.0
116.0
130.0
110.0
102.0
111.0
91.0
101.0
91.0
82.0
42.0
57.0
51.0
35.0
12.0
9.0
3.0
6.0
7.0
22.0
57.0
106.0
129.0
101.0
97.0
77.0
93.0
95.0
114.0
104.0
88.0
91.0
88.0
67.0
45.0
23.0
54.0
30.0
14.0
3.0
8.0
4.0
5.0
23.0
74.0
114.0
97.0
100.0
95.0
97.0
85.0
90.0
110.0
112.0
112.0
110.0
114.0
71.0
23.0
44.0
31.0
48.0
35.0
16.0
13.0
11.0
6.0
20.0
40.0
63.0
75.0
96.0
108.0
135.0
43.0
0.0
0.0
0.0
0.0
0.0
0.0
0.0
0.0
0.0
0.0
0.0
0.0
0.0
0.0
0.0
0.0
0.0
0.0
0.0
0.0
0.0
0.0
0.0
0.0
0.0
0.0
0.0
0.0
0.0
0.0
0.0
0.0
0.0
0.0
36.0
22.0
11.0
3.0
9.0
7.0
29.0
59.0
70.0
70.0
85.0
79.0
82.0
64.0
64.0
63.0
110.0
93.0
100.0
80.0
77.0
42.0
47.0
27.0
0.0
0.0
0.0
0.0
0.0
0.0
0.0
0.0
0.0
0.0
0.0
0.0
0.0
0.0
0.0
0.0
0.0
0.0
0.0
0.0
0.0
0.0
0.0
0.0
24.0
19.0
13.0
6.0
5.0
4.0
27.0
42.0
81.0
76.0
115.0
109.0
87.0
111.0
76.0
78.0
103.0
102.0
76.0
101.0
79.0
48.0
50.0
74.0
24.0
17.0
10.0
7.0
8.0
13.0
17.0
51.0
48.0
68.0
75.0
98.0
76.0
89.0
81.0
98.0
101.0
59.0
89.0
95.0
78.0
46.0
55.0
43.0
93.0
80.0
31.0
31.0
9.0
6.0
10.0
21.0
33.0
39.0
65.0
71.0
74.0
80.0
63.0
77.0
96.0
117.0
81.0
94.0
67.0
44.0
20.0
27.0
18.0
11.0
3.0
6.0
10.0
4.0
15.0
48.0
77.0
68.0
75.0
76.0
82.0
98.0
61.0
75.0
104.0
90.0
79.0
99.0
70.0
27.0
22.0
20.0
19.0
11.0
4.0
3.0
7.0
3.0
21.0
50.0
81.0
86.0
82.0
94.0
97.0
88.0
82.0
79.0
94.0
92.0
98.0
95.0
55.0
28.0
19.0
21.0
25.0
17.0
6.0
4.0
7.0
5.0
24.0
39.0
97.0
86.0
101.0
91.0
78.0
91.0
76.0
88.0
95.0
74.0
78.0
112.0
61.0
46.0
37.0
36.0
21.0
16.0
7.0
5.0
6.0
10.0
20.0
82.0
142.0
138.0
135.0
112.0
99.0
104.0
80.0
104.0
107.0
88.0
97.0
103.0
76.0
39.0
36.0
34.0
28.0
17.0
8.0
8.0
6.0
5.0
16.0
45.0
94.0
79.0
99.0
91.0
120.0
79.0
89.0
84.0
98.0
86.0
78.0
74.0
78.0
44.0
34.0
21.0
92.0
57.0
29.0
14.0
9.0
7.0
11.0
22.0
21.0
41.0
70.0
86.0
84.0
93.0
73.0
68.0
65.0
82.0
84.0
73.0
59.0
54.0
32.0
31.0
0.0
0.0
0.0
0.0
0.0
0.0
0.0
0.0
0.0
0.0
0.0
0.0
0.0
0.0
56.0
107.0
109.0
99.0
108.0
83.0
50.0
41.0
35.0
35.0
68.0
41.0
32.0
23.0
7.0
8.0
9.0
12.0
20.0
38.0
70.0
77.0
98.0
87.0
74.0
66.0
81.0
77.0
92.0
69.0
67.0
44.0
34.0
27.0
34.0
14.0
6.0
4.0
8.0
5.0
23.0
50.0
100.0
129.0
104.0
130.0
100.0
106.0
107.0
85.0
92.0
78.0
64.0
89.0
73.0
60.0
42.0
39.0
14.0
7.0
14.0
0.0
4.0
4.0
27.0
58.0
139.0
124.0
109.0
104.0
92.0
95.0
87.0
126.0
100.0
109.0
104.0
108.0
60.0
36.0
36.0
38.0
51.0
23.0
16.0
9.0
7.0
7.0
23.0
43.0
60.0
81.0
113.0
124.0
127.0
117.0
116.0
115.0
86.0
94.0
71.0
72.0
87.0
63.0
81.0
85.0
51.0
42.0
22.0
9.0
3.0
4.0
19.0
22.0
28.0
54.0
69.0
62.0
68.0
40.0
29.0
35.0
22.0
34.0
58.0
60.0
64.0
49.0
52.0
34.0
26.0
14.0
6.0
8.0
5.0
11.0
18.0
64.0
141.0
114.0
101.0
113.0
101.0
103.0
113.0
116.0
113.0
111.0
88.0
122.0
84.0
43.0
20.0
37.0
51.0
40.0
16.0
19.0
12.0
6.0
11.0
22.0
33.0
76.0
93.0
121.0
97.0
80.0
90.0
100.0
89.0
99.0
96.0
117.0
69.0
55.0
57.0
38.0
28.0
8.0
6.0
2.0
9.0
7.0
32.0
66.0
130.0
119.0
124.0
110.0
99.0
97.0
93.0
114.0
96.0
109.0
98.0
93.0
66.0
45.0
36.0
37.0
22.0
12.0
11.0
3.0
9.0
5.0
19.0
72.0
146.0
130.0
116.0
115.0
89.0
121.0
104.0
80.0
113.0
103.0
102.0
126.0
66.0
47.0
43.0
38.0
26.0
17.0
16.0
8.0
8.0
3.0
27.0
79.0
119.0
122.0
109.0
110.0
98.0
103.0
114.0
103.0
99.0
116.0
109.0
120.0
69.0
41.0
57.0
60.0
23.0
9.0
9.0
6.0
5.0
6.0
16.0
62.0
124.0
101.0
98.0
112.0
112.0
100.0
69.0
119.0
102.0
90.0
89.0
87.0
51.0
28.0
36.0
26.0
28.0
11.0
10.0
4.0
7.0
7.0
26.0
58.0
130.0
136.0
91.0
93.0
95.0
106.0
82.0
109.0
107.0
108.0
93.0
99.0
67.0
30.0
38.0
23.0
96.0
53.0
31.0
37.0
12.0
17.0
14.0
26.0
32.0
44.0
66.0
80.0
107.0
107.0
64.0
82.0
95.0
94.0
97.0
69.0
73.0
50.0
34.0
28.0
20.0
12.0
10.0
1.0
9.0
4.0
25.0
64.0
112.0
116.0
105.0
116.0
92.0
93.0
85.0
105.0
103.0
103.0
90.0
109.0
70.0
49.0
28.0
28.0
5.0
3.0
2.0
5.0
4.0
4.0
3.0
4.0
7.0
13.0
10.0
16.0
28.0
22.0
15.0
11.0
11.0
12.0
17.0
533.0
318.0
99.0
14.0
6.0
7.0
7.0
2.0
2.0
4.0
3.0
11.0
17.0
20.0
30.0
42.0
35.0
31.0
33.0
38.0
27.0
29.0
31.0
32.0
45.0
25.0
14.0
12.0
14.0
10.0
5.0
4.0
7.0
4.0
2.0
12.0
19.0
26.0
29.0
35.0
31.0
30.0
32.0
25.0
39.0
35.0
21.0
36.0
24.0
26.0
12.0
15.0
14.0
4.0
4.0
2.0
2.0
8.0
3.0
4.0
16.0
18.0
13.0
32.0
25.0
18.0
19.0
18.0
16.0
13.0
19.0
17.0
15.0
7.0
5.0
8.0
9.0
2.0
2.0
2.0
1.0
6.0
0.0
4.0
10.0
14.0
19.0
20.0
36.0
24.0
31.0
23.0
20.0
18.0
26.0
19.0
16.0
14.0
9.0
8.0
12.0
3.0
2.0
4.0
7.0
2.0
4.0
7.0
19.0
31.0
39.0
45.0
58.0
36.0
44.0
34.0
31.0
39.0
45.0
37.0
31.0
20.0
14.0
17.0
10.0
10.0
5.0
5.0
4.0
6.0
1.0
9.0
14.0
14.0
12.0
27.0
20.0
18.0
18.0
20.0
23.0
19.0
13.0
16.0
17.0
9.0
10.0
7.0
11.0
3.0
3.0
7.0
6.0
7.0
4.0
5.0
15.0
22.0
20.0
26.0
30.0
17.0
18.0
26.0
20.0
18.0
28.0
15.0
10.0
12.0
9.0
9.0
11.0
9.0
3.0
3.0
3.0
5.0
4.0
10.0
15.0
32.0
35.0
46.0
53.0
46.0
38.0
32.0
37.0
38.0
33.0
43.0
44.0
18.0
18.0
20.0
22.0
5.0
1.0
1.0
0.0
1.0
0.0
3.0
2.0
4.0
6.0
9.0
18.0
19.0
10.0
13.0
14.0
12.0
15.0
5.0
7.0
9.0
6.0
4.0
4.0
3.0
7.0
5.0
3.0
2.0
1.0
6.0
12.0
16.0
13.0
15.0
21.0
14.0
14.0
11.0
19.0
12.0
13.0
107.0
14.0
6.0
10.0
8.0
11.0
5.0
6.0
3.0
3.0
5.0
4.0
5.0
15.0
13.0
12.0
21.0
21.0
18.0
14.0
22.0
11.0
229.0
15.0
13.0
18.0
10.0
7.0
4.0
14.0
15.0
6.0
6.0
7.0
7.0
2.0
10.0
24.0
19.0
37.0
35.0
39.0
31.0
34.0
30.0
39.0
35.0
23.0
42.0
32.0
25.0
18.0
16.0
13.0
6.0
3.0
8.0
4.0
7.0
3.0
4.0
18.0
25.0
19.0
29.0
31.0
27.0
27.0
16.0
26.0
22.0
32.0
23.0
20.0
15.0
9.0
6.0
9.0
7.0
5.0
4.0
0.0
6.0
4.0
3.0
18.0
22.0
17.0
33.0
36.0
19.0
16.0
28.0
21.0
30.0
16.0
22.0
23.0
15.0
8.0
11.0
12.0
6.0
5.0
6.0
4.0
4.0
3.0
6.0
22.0
23.0
21.0
17.0
28.0
26.0
27.0
25.0
23.0
10.0
22.0
16.0
11.0
15.0
2.0
10.0
15.0
4.0
2.0
2.0
4.0
2.0
6.0
2.0
5.0
3.0
6.0
9.0
16.0
15.0
11.0
8.0
13.0
9.0
5.0
10.0
7.0
10.0
8.0
8.0
5.0
44.0
29.0
13.0
9.0
8.0
5.0
16.0
38.0
61.0
79.0
121.0
110.0
129.0
105.0
75.0
62.0
58.0
63.0
81.0
101.0
84.0
66.0
64.0
82.0
59.0
34.0
14.0
7.0
9.0
11.0
15.0
22.0
31.0
42.0
72.0
80.0
94.0
61.0
50.0
64.0
65.0
67.0
53.0
76.0
74.0
49.0
29.0
52.0
13.0
6.0
11.0
6.0
9.0
7.0
20.0
58.0
105.0
87.0
102.0
85.0
42.0
18.0
30.0
26.0
38.0
36.0
25.0
36.0
22.0
18.0
9.0
13.0
17.0
7.0
7.0
3.0
7.0
4.0
10.0
22.0
33.0
36.0
38.0
38.0
41.0
26.0
33.0
27.0
21.0
28.0
28.0
37.0
19.0
13.0
18.0
14.0
12.0
8.0
6.0
6.0
4.0
5.0
9.0
22.0
34.0
25.0
48.0
42.0
32.0
31.0
44.0
40.0
29.0
25.0
35.0
38.0
25.0
21.0
13.0
7.0
9.0
4.0
4.0
3.0
3.0
1.0
3.0
6.0
7.0
8.0
13.0
14.0
14.0
18.0
6.0
14.0
7.0
15.0
11.0
15.0
11.0
9.0
11.0
8.0
6.0
1.0
6.0
4.0
3.0
5.0
4.0
12.0
7.0
9.0
21.0
28.0
19.0
21.0
17.0
12.0
10.0
17.0
17.0
17.0
21.0
17.0
8.0
7.0
6.0
9.0
7.0
1.0
6.0
1.0
10.0
20.0
36.0
33.0
38.0
35.0
34.0
36.0
31.0
34.0
32.0
38.0
36.0
29.0
30.0
14.0
8.0
11.0
8.0
6.0
3.0
